-70582.8 70639.8 0.001953
-70582.8 70639.8 141218
-70582.8 -70578.6 141218
-70582.8 -70578.6 0.001953
70635.6 -70578.6 0.001953
70635.6 70639.8 0.001953
70635.6 -70578.6 141218
70635.6 70639.8 141218
50304.9 45124.1 108923
49422 -30585.1 108923
49863.4 -30585.1 31778.8
20920.6 45124.1 63094.4
20920.6 45124.1 77579.6
2986.59 45124.1 77579.6
2986.59 45124.1 63094.4
50304.9 45124.1 31778.8
-26397.7 45124.1 108923
-26397.7 45124.1 31778.8
-26397.7 -30585.1 31778.8
31957 14939.8 65853.5
10160.2 14939.8 72613.3
16920 14939.8 94685.9
38716.7 14939.8 87788.2
6711.35 -7822.7 69302.4
-15085.4 -7822.7 62818.5
-8463.61 -7822.7 40745.8
13609.1 -7822.7 47505.6
-15085.4 -30585.1 62818.5
-8463.61 -30585.1 40745.8
13609.1 -30585.1 47505.6
6711.35 -30585.1 69302.4
31957 -30585.1 65853.5
10160.2 -30585.1 72613.3
38716.7 -30585.1 87788.2
16920 -30585.1 94685.9
-26397.7 -30585.1 108923
-70582.8 70639.8 0.001953
-70582.8 70639.8 141218
-70582.8 -70578.6 141218
-70582.8 -70578.6 0.001953
70635.6 -70578.6 0.001953
70635.6 70639.8 0.001953
70635.6 -70578.6 141218
70635.6 70639.8 141218
50304.9 45124.1 108923
49422 -30585.1 108923
49863.4 -30585.1 31778.8
20920.6 45124.1 63094.4
20920.6 45124.1 77579.6
2986.59 45124.1 77579.6
2986.59 45124.1 63094.4
50304.9 45124.1 31778.8
-26397.7 45124.1 108923
-26397.7 45124.1 31778.8
-26397.7 -30585.1 31778.8
31957 14939.8 65853.5
10160.2 14939.8 72613.3
16920 14939.8 94685.9
38716.7 14939.8 87788.2
6711.35 -7822.7 69302.4
-15085.4 -7822.7 62818.5
-8463.61 -7822.7 40745.8
13609.1 -7822.7 47505.6
-15085.4 -30585.1 62818.5
-8463.61 -30585.1 40745.8
13609.1 -30585.1 47505.6
6711.35 -30585.1 69302.4
31957 -30585.1 65853.5
10160.2 -30585.1 72613.3
38716.7 -30585.1 87788.2
16920 -30585.1 94685.9
-26397.7 -30585.1 108923
-70582.8 70639.8 0.001953
-70582.8 70639.8 141218
-70582.8 -70578.6 141218
-70582.8 -70578.6 0.001953
70635.6 -70578.6 0.001953
70635.6 70639.8 0.001953
70635.6 -70578.6 141218
70635.6 70639.8 141218
50304.9 45124.1 108923
49422 -30585.1 108923
49863.4 -30585.1 31778.8
20920.6 45124.1 63094.4
20920.6 45124.1 77579.6
2986.59 45124.1 77579.6
2986.59 45124.1 63094.4
50304.9 45124.1 31778.8
-26397.7 45124.1 108923
-26397.7 45124.1 31778.8
-26397.7 -30585.1 31778.8
31957 14939.8 65853.5
10160.2 14939.8 72613.3
16920 14939.8 94685.9
38716.7 14939.8 87788.2
6711.35 -7822.7 69302.4
-15085.4 -7822.7 62818.5
-8463.61 -7822.7 40745.8
13609.1 -7822.7 47505.6
-15085.4 -30585.1 62818.5
-8463.61 -30585.1 40745.8
13609.1 -30585.1 47505.6
6711.35 -30585.1 69302.4
31957 -30585.1 65853.5
10160.2 -30585.1 72613.3
38716.7 -30585.1 87788.2
16920 -30585.1 94685.9
-26397.7 -30585.1 108923
